2.677582391040649
-1.790883107703838
-5.567097283272186
6.584304627009106
1.543358696699398
-8.113704764371183
0.5449157166232617
-10.575350048971654
3.751282200742202
-0.07884618466645593
-6.632928329349864
-6.655317139336386
4.20469586586087
-7.433924928964423
2.0969715169705525
-0.638197804218652
1.34526585709752
-1.2802150219948503
4.237945870502078
1.5291384197587672
-5.753175676547723
0.9291839389380196
-3.508701707865887
2.1330652675006667
2.850577787378015
3.5235243473027875
3.4891893328346564
-2.9636079919551017
-6.8379183277814235
5.030318950006543
-5.306778701876701
-4.21028997963494
-6.314355779801234
-0.07625180784830077
-5.572711476973175
9.16470700529252
0.45854812072512496
5.513950606105791
-0.11246668311302704
-2.6728616195213224
5.1429676551129155
0.9658474491941814
-1.952216716363003
-0.20545000918860246
0.4109920438109848
2.40828778095218
-5.176364085176131
-3.819371905315479
-6.223583143772662
-0.7562311500914316
3.446098145791357
-3.637104025000768
0.9362805125318285
-0.07777303100680417
2.2662895638580123
-0.3610107161217053
0.06936969603952148
-1.2575107554287057
-1.6470104379805528
-3.16489033890847
2.2279998666798626
0.7234243728849815
1.913053989811797
3.4829210644256685
-2.8201518879915195
1.7792313537991742
5.137132883754187
1.9467361463335358
-14.172627684309795
-9.142356935401443
-11.742002074924859
1.2939807867359308
9.46839262182914
-2.037196126020369
-0.40405134529546843
-3.490873572865852
1.7380694387775335
-2.514279353527305
5.422993398814688
1.041551874601581
6.310053215476213
1.4331805392855446
0.37199911316230594
-4.091016739960269
1.2422205970852391
2.150716108774026
3.64595415522791
-4.78237118591141
-1.0491159175657514
8.626712744880093
-3.850566332735656
-3.3182432338267964
1.990639124462374
0.26973099787726845
2.3895919374451235
1.5005543450928829
1.1076426943112507
-5.049737029752807
-4.695976694957148
-3.7461185693398544
-3.0933832152735885
-2.1789903484900877
2.4579899668251497
5.127338999547101
-1.9786918680656544
-1.7420860208806448
4.97691892990714
-6.108920359836891
-4.333001533574704
3.5689416771278886
-4.415690641132545
-0.47502354381279466
2.7681954974623997
-1.869825273646152
2.5283838615118857
2.017834098279515
4.256778027388977
2.971830242281657
1.9883010251442836
0.47831635826122176
0.818998707495162
-1.2279724772446847
-2.1684793213845883
-0.7183306675970178
-2.648168306958759
-6.684891980118175
0.703696939610033
-0.8852364132538344
1.0568917050621005
-8.729430544958626
-0.553001889244098
6.848076319998535
0.6256056076182157
-8.698350505867658
-4.571452317403077
0.4915652731132408
-7.332086762361433
3.9724172621484723
-2.897516200296312
5.14290980461817
4.319624136264738
-2.324967549040476
-1.523585411622101
-0.34183736157722244
3.188894588825309
4.247190908094547
1.189848491772903
5.60427650652357
-2.463668961307905
-0.5373670470731604
4.731912639923895
-5.55989735869037
-5.33795915380486
-1.9079070375639415
-2.5845741458211164
-7.580501649330298
0.9792894377458408
-0.8011023545384922
-10.764019573176776
-3.8324774376486865
-3.9856413853248194
-11.658599784981314
-1.4938272450600207
-5.925593781945494
5.223115066091734
-4.795133225519612
-2.4226671151772567
2.1365910259540453
-14.781698658452031
1.481155740802003
4.056804921849005
-9.448946393151743
5.280285812235543
5.079067225616303
-2.3683722112428143
-5.470411975643051
7.855132686807567
4.467428277144021
-4.132592631800288
-1.5106000826624153
1.93408593813897
-1.0940740775432336
7.884817908539983
-8.399541749395048
0.05027079124668443
0.14346534604791594
-2.2748445968575
-1.3513643199823449
2.3063250114247738
2.9541549241024527
1.158805749435935
-3.12961643286669
1.676009142048547
-0.905892591150022
-6.762999193347279
-0.9029463631712132
-2.9103213288049665
-5.113208568675586
-0.8674068893915693
1.0518775609065667
-1.6979509183010404
4.618383867996275
3.0721754390012754
0.9527682399421135
8.560062928448474
-1.8977290649699883
-0.031612413841771936
6.709665455013123
-3.2257884677644593
-5.020135998860109
-1.138485640566249
-2.613970142890667
2.019208852680574
-0.21125493460526845
-1.6009856818214196
0.2790494037717609
-11.071165416074587
-3.7721661572304774
2.5764256226034496
0.6138457388741458
4.653709498958891
-4.485924384801985
-6.611180913302265
-5.221679594357854
0.4415675837237539
1.979725601762863
0.5677042440577045
0.3446311951125159
2.9546124466342807
-4.105419008538438
-5.4267995498377735
0.7709411995966551
-2.1262083342484495
3.5146656333662705
-4.446628713802857
-0.6724135267117975
-2.833976006838233
4.742790843237115
-4.037745586056916
-1.3041692674095502
0.06427306132282185
-1.5176817369307447
0.951294957600445
-6.698534838117484
-4.853098711458981
-2.8688016594772012
1.3499067164414065
-6.1970418666853195
2.6538461451864928
-1.9639977431274787
-3.8356784147096903
-2.2836928343737477
-5.004516525734121
-1.393340283573607
-3.6034796442888704
-5.785633765057145
3.435087550022745
1.246605989494354
-1.8977444806442514
4.2181819997341155
0.28520973756548895
-0.2367206663166357
-2.553517364938563
3.420914427241811
3.887512727150084
-1.254193211154951
1.0243660392709413
-3.6974112808277266
2.271723300934515
-0.2927131129577716
-0.5919059484836717
-2.6318348420685758
0.7291495060987028
-2.677946671924227
0.4515515322326796
2.1067083115377203
-6.268879742109664
0.41155900334901885
-6.3429473250487
-0.1995276520749285
3.351628564177453
-0.7167820136609855
2.2411425337656863
-8.990386707188891
-0.7954419159888588
-5.284852781079275
2.333980670015074
-0.5506085054998547
-1.8891245280658624
3.8030963882322717
2.159802345462053
-1.9345663030522884
-7.552334050924022
-5.804065391944538
1.6282154140973246
-7.592801683142778
2.851560726988435
-8.312919360814941
-8.402367888808408
8.551193870332643
2.775764207537673
-5.518720248175843
4.258643593796889
2.3887586232855043
-0.4654995857256688
-6.806068704158902
-0.29955693635141634
-9.202465376453954
2.631931042700758
1.1128920117014829
-4.2032543365519395
-2.3607709508812795
2.3648693384039965
0.3822867517577577
1.7651676700444927
-0.20093547536763867
-5.906217784152233
-1.556209890699282
1.7754286613960741
-0.4966407819889002
10.165136195707504
-3.1412575790515147
-0.39868190730015196
2.5942297120534272
-3.557271632760096
2.3941206197717944
-0.8863403639257486
-1.1292579084224288
0.9828764585382498
3.781398495271087
-3.5468932343994752
-11.899549336787198
2.1611038732267733
-0.41569292502541905
2.685211789383467
-2.7708832626391064
-1.9361779664235998
-3.8416050319572905
-3.4494362314098153
-2.210240257200448
-2.5845840898383443
-4.414284492780893
0.738914312812543
-0.8155796932602264
8.455845491300444
0.05030938697970838
-0.10434298449655066
-1.4123092378512516
-2.064586049665323
-4.382496022483063
1.049688361584976
5.923333997630719
-3.165062110880406
2.9300376747279255
-4.374334096418144
-1.270432847959381
4.212769864013956
-3.709452193246082
1.852047299510099
0.9336959159395386
8.787702338673897
-1.4382063277466084
1.7204611344360514
0.10031137076398777
-2.5020073941841376
-2.1750511325958435
6.0863925553742915
3.248276865386746
7.529388494062294
-1.513259048558048
0.41713518566443564
-1.3340208459820695
-5.040954111146554
-0.4106026021835344
-3.133641592583638
-0.6893844309331254
1.1229184200443414
0.7470768293799164
0.3066150189785317
-6.512637834953705
1.0926125646700267
-5.746930781631464
-0.4099711401659404
3.9000787838562063
-4.584011860605739
1.941188296515573
0.1268840534807808
4.544650250795658
-3.560066424840528
-1.4018091558721213
1.706022348208687
4.00301888924674
2.728431515708725
-1.955463761589714
-2.1232601689339194
-1.7422074083211905
-6.573814513596276
-1.9047622419441597
1.882564660320269
-1.3227159644399782
4.187826338614149
4.122199943747048
1.8556702448223628
0.514116650123566
-3.431022886825489
-5.475089369550993
8.481500462997595
0.43302359762802495
-1.3792834660362487
6.044559666379769
-2.270512434542707
6.911686206880105
5.242601066964131
2.7196108293986043
5.692145131131268
1.7301153131484983
-7.510859632698106
-0.08859931247554176
1.3274798571571207
2.3133603740045743
5.105290385449004
-2.458470363482922
-1.433129322922318
-3.251275286272367
2.462189465798514
-0.634768403188331
-7.335124378899567
7.525987982467656
4.461744923475153
-1.2238327506436733
1.016198140971626
-0.17563948868123017
