1 204.134
2 0.0
3 25.385368
4 38.61463
5 33.134
6 38.61463
7 25.149174
8 0.0
9 172.88239
10 0.0
11 33.2
12 38.61463
13 32.0
14 103.93259
15 0.0
16 203.0
17 38.61463
18 203.0
19 32.0
20 93.17307
21 0.0
22 31.4
23 203.0
24 0.0
25 0.0
26 19.844534
27 33.134
28 14.714138
29 203.0
30 203.0
31 169.69958
32 0.0
33 109.40977
34 33.134
35 30.866
36 0.0
37 0.0
38 33.134
39 103.85894
40 33.134
41 38.61463
42 32.0
43 98.682686
44 33.134
45 0.0
46 104.00625
47 0.0
48 162.85274
49 235.0
50 0.0
51 38.61463
52 109.344215
53 33.134
54 204.134
55 38.850822
56 209.61462
57 33.134
58 25.385368
59 158.44577
60 32.0
61 0.0
62 0.0
63 0.0
64 33.134
65 0.0
66 98.682686
67 203.0
68 6.6146307
69 0.0
70 171.15958
71 32.0
72 30.866
73 180.3962
74 30.866
75 33.134
76 0.0
77 33.134
78 0.0
79 32.0
80 1.1340001
81 0.0
82 32.0
83 0.0
84 0.0
85 33.134
86 0.0
87 0.0
88 30.866
89 203.0
90 33.134
91 180.32295
92 32.0
93 98.682686
94 0.0
95 32.0
96 120.291336
97 0.0
98 0.0
99 38.61463
100 30.866
